2018/04/22-09:40:24.840102 7fcc530cf9c0 RocksDB version: 5.6.0
2018/04/22-09:40:24.840158 7fcc530cf9c0 Git sha rocksdb_build_git_sha:f201a44b4102308b840b15d9b89122af787476f1
2018/04/22-09:40:24.840162 7fcc530cf9c0 Compile date Apr 21 2018
2018/04/22-09:40:24.840164 7fcc530cf9c0 DB SUMMARY
2018/04/22-09:40:24.840251 7fcc530cf9c0 CURRENT file:  CURRENT
2018/04/22-09:40:24.840254 7fcc530cf9c0 IDENTITY file:  IDENTITY
2018/04/22-09:40:24.840261 7fcc530cf9c0 MANIFEST file:  MANIFEST-000089 size: 7200 Bytes
2018/04/22-09:40:24.840264 7fcc530cf9c0 SST files in example1/db1 dir, Total Num: 27, files: 000039.sst 000040.sst 000041.sst 000046.sst 000048.sst 000049.sst 000050.sst 000051.sst 000052.sst 
2018/04/22-09:40:24.840266 7fcc530cf9c0 Write Ahead Log file in example1/db1: 000103.log size: 28360499 ; 
2018/04/22-09:40:24.840269 7fcc530cf9c0                         Options.error_if_exists: 0
2018/04/22-09:40:24.840270 7fcc530cf9c0                       Options.create_if_missing: 1
2018/04/22-09:40:24.840272 7fcc530cf9c0                         Options.paranoid_checks: 1
2018/04/22-09:40:24.840273 7fcc530cf9c0                                     Options.env: 0x55c26bd5b720
2018/04/22-09:40:24.840297 7fcc530cf9c0                                Options.info_log: 0x7fcc5197e350
2018/04/22-09:40:24.840299 7fcc530cf9c0                Options.max_file_opening_threads: 16
2018/04/22-09:40:24.840301 7fcc530cf9c0                               Options.use_fsync: 0
2018/04/22-09:40:24.840302 7fcc530cf9c0                       Options.max_log_file_size: 0
2018/04/22-09:40:24.840304 7fcc530cf9c0                  Options.max_manifest_file_size: 18446744073709551615
2018/04/22-09:40:24.840305 7fcc530cf9c0                   Options.log_file_time_to_roll: 0
2018/04/22-09:40:24.840307 7fcc530cf9c0                       Options.keep_log_file_num: 1000
2018/04/22-09:40:24.840308 7fcc530cf9c0                    Options.recycle_log_file_num: 0
2018/04/22-09:40:24.840310 7fcc530cf9c0                         Options.allow_fallocate: 1
2018/04/22-09:40:24.840311 7fcc530cf9c0                        Options.allow_mmap_reads: 0
2018/04/22-09:40:24.840313 7fcc530cf9c0                       Options.allow_mmap_writes: 0
2018/04/22-09:40:24.840314 7fcc530cf9c0                        Options.use_direct_reads: 0
2018/04/22-09:40:24.840315 7fcc530cf9c0                        Options.use_direct_io_for_flush_and_compaction: 0
2018/04/22-09:40:24.840317 7fcc530cf9c0          Options.create_missing_column_families: 0
2018/04/22-09:40:24.840318 7fcc530cf9c0                              Options.db_log_dir: 
2018/04/22-09:40:24.840320 7fcc530cf9c0                                 Options.wal_dir: example1/db1
2018/04/22-09:40:24.840321 7fcc530cf9c0                Options.table_cache_numshardbits: 6
2018/04/22-09:40:24.840323 7fcc530cf9c0                      Options.max_subcompactions: 1
2018/04/22-09:40:24.840324 7fcc530cf9c0                  Options.max_background_flushes: -1
2018/04/22-09:40:24.840325 7fcc530cf9c0                         Options.WAL_ttl_seconds: 0
2018/04/22-09:40:24.840327 7fcc530cf9c0                       Options.WAL_size_limit_MB: 0
2018/04/22-09:40:24.840328 7fcc530cf9c0             Options.manifest_preallocation_size: 4194304
2018/04/22-09:40:24.840330 7fcc530cf9c0                     Options.is_fd_close_on_exec: 1
2018/04/22-09:40:24.840331 7fcc530cf9c0                   Options.advise_random_on_open: 1
2018/04/22-09:40:24.840332 7fcc530cf9c0                    Options.db_write_buffer_size: 0
2018/04/22-09:40:24.840334 7fcc530cf9c0         Options.access_hint_on_compaction_start: 1
2018/04/22-09:40:24.840335 7fcc530cf9c0  Options.new_table_reader_for_compaction_inputs: 0
2018/04/22-09:40:24.840336 7fcc530cf9c0               Options.compaction_readahead_size: 0
2018/04/22-09:40:24.840337 7fcc530cf9c0           Options.random_access_max_buffer_size: 1048576
2018/04/22-09:40:24.840339 7fcc530cf9c0           Options.writable_file_max_buffer_size: 1048576
2018/04/22-09:40:24.840340 7fcc530cf9c0                      Options.use_adaptive_mutex: 0
2018/04/22-09:40:24.840342 7fcc530cf9c0                            Options.rate_limiter: (nil)
2018/04/22-09:40:24.840356 7fcc530cf9c0     Options.sst_file_manager.rate_bytes_per_sec: 0
2018/04/22-09:40:24.840358 7fcc530cf9c0                          Options.bytes_per_sync: 0
2018/04/22-09:40:24.840360 7fcc530cf9c0                      Options.wal_bytes_per_sync: 0
2018/04/22-09:40:24.840361 7fcc530cf9c0                       Options.wal_recovery_mode: 2
2018/04/22-09:40:24.840362 7fcc530cf9c0                  Options.enable_thread_tracking: 0
2018/04/22-09:40:24.840364 7fcc530cf9c0                  Options.enable_pipelined_write: 0
2018/04/22-09:40:24.840365 7fcc530cf9c0         Options.allow_concurrent_memtable_write: 1
2018/04/22-09:40:24.840366 7fcc530cf9c0      Options.enable_write_thread_adaptive_yield: 1
2018/04/22-09:40:24.840368 7fcc530cf9c0             Options.write_thread_max_yield_usec: 100
2018/04/22-09:40:24.840369 7fcc530cf9c0            Options.write_thread_slow_yield_usec: 3
2018/04/22-09:40:24.840370 7fcc530cf9c0                               Options.row_cache: None
2018/04/22-09:40:24.840372 7fcc530cf9c0                              Options.wal_filter: None
2018/04/22-09:40:24.840373 7fcc530cf9c0             Options.avoid_flush_during_recovery: 0
2018/04/22-09:40:24.840375 7fcc530cf9c0             Options.allow_ingest_behind: 0
2018/04/22-09:40:24.840376 7fcc530cf9c0             Options.concurrent_prepare: 0
2018/04/22-09:40:24.840377 7fcc530cf9c0             Options.manual_wal_flush: 0
2018/04/22-09:40:24.840379 7fcc530cf9c0             Options.max_background_jobs: 2
2018/04/22-09:40:24.840380 7fcc530cf9c0             Options.max_background_compactions: -1
2018/04/22-09:40:24.840382 7fcc530cf9c0             Options.avoid_flush_during_shutdown: 0
2018/04/22-09:40:24.840383 7fcc530cf9c0             Options.delayed_write_rate : 16777216
2018/04/22-09:40:24.840385 7fcc530cf9c0             Options.max_total_wal_size: 0
2018/04/22-09:40:24.840386 7fcc530cf9c0             Options.delete_obsolete_files_period_micros: 21600000000
2018/04/22-09:40:24.840388 7fcc530cf9c0                   Options.stats_dump_period_sec: 600
2018/04/22-09:40:24.840389 7fcc530cf9c0                          Options.max_open_files: -1
2018/04/22-09:40:24.840391 7fcc530cf9c0 Compression algorithms supported:
2018/04/22-09:40:24.840392 7fcc530cf9c0 	Snappy supported: 1
2018/04/22-09:40:24.840394 7fcc530cf9c0 	Zlib supported: 0
2018/04/22-09:40:24.840395 7fcc530cf9c0 	Bzip supported: 0
2018/04/22-09:40:24.840396 7fcc530cf9c0 	LZ4 supported: 0
2018/04/22-09:40:24.840398 7fcc530cf9c0 	ZSTD supported: 0
2018/04/22-09:40:24.840399 7fcc530cf9c0 Fast CRC32 supported: 0
2018/04/22-09:40:24.841555 7fcc530cf9c0 [rocksdb/db/version_set.cc:2714] Recovering from manifest file: MANIFEST-000089
2018/04/22-09:40:24.841680 7fcc530cf9c0 [rocksdb/db/column_family.cc:415] --------------- Options for column family [default]:
2018/04/22-09:40:24.841684 7fcc530cf9c0               Options.comparator: leveldb.BytewiseComparator
2018/04/22-09:40:24.841685 7fcc530cf9c0           Options.merge_operator: None
2018/04/22-09:40:24.841686 7fcc530cf9c0        Options.compaction_filter: None
2018/04/22-09:40:24.841687 7fcc530cf9c0        Options.compaction_filter_factory: None
2018/04/22-09:40:24.841688 7fcc530cf9c0         Options.memtable_factory: SkipListFactory
2018/04/22-09:40:24.841689 7fcc530cf9c0            Options.table_factory: BlockBasedTable
2018/04/22-09:40:24.841713 7fcc530cf9c0            table_factory options:   flush_block_policy_factory: FlushBlockBySizePolicyFactory (0x7fcc518150f0)
  cache_index_and_filter_blocks: 0
  cache_index_and_filter_blocks_with_high_priority: 0
  pin_l0_filter_and_index_blocks_in_cache: 0
  index_type: 0
  hash_index_allow_collision: 1
  checksum: 1
  no_block_cache: 0
  block_cache: 0x7fcc51852dd0
  block_cache_name: LRUCache
  block_cache_options:
    capacity : 8388608
    num_shard_bits : 4
    strict_capacity_limit : 0
    high_pri_pool_ratio: 0.000
  block_cache_compressed: (nil)
  persistent_cache: (nil)
  block_size: 4096
  block_size_deviation: 10
  block_restart_interval: 16
  index_block_restart_interval: 1
  filter_policy: nullptr
  whole_key_filtering: 1
  format_version: 2
2018/04/22-09:40:24.841731 7fcc530cf9c0        Options.write_buffer_size: 67108864
2018/04/22-09:40:24.841733 7fcc530cf9c0  Options.max_write_buffer_number: 2
2018/04/22-09:40:24.841735 7fcc530cf9c0          Options.compression: Snappy
2018/04/22-09:40:24.841736 7fcc530cf9c0                  Options.bottommost_compression: Disabled
2018/04/22-09:40:24.841737 7fcc530cf9c0       Options.prefix_extractor: nullptr
2018/04/22-09:40:24.841738 7fcc530cf9c0   Options.memtable_insert_with_hint_prefix_extractor: nullptr
2018/04/22-09:40:24.841739 7fcc530cf9c0             Options.num_levels: 7
2018/04/22-09:40:24.841740 7fcc530cf9c0        Options.min_write_buffer_number_to_merge: 1
2018/04/22-09:40:24.841741 7fcc530cf9c0     Options.max_write_buffer_number_to_maintain: 0
2018/04/22-09:40:24.841742 7fcc530cf9c0            Options.compression_opts.window_bits: -14
2018/04/22-09:40:24.841743 7fcc530cf9c0                  Options.compression_opts.level: -1
2018/04/22-09:40:24.841744 7fcc530cf9c0               Options.compression_opts.strategy: 0
2018/04/22-09:40:24.841745 7fcc530cf9c0         Options.compression_opts.max_dict_bytes: 0
2018/04/22-09:40:24.841745 7fcc530cf9c0      Options.level0_file_num_compaction_trigger: 4
2018/04/22-09:40:24.841746 7fcc530cf9c0          Options.level0_slowdown_writes_trigger: 20
2018/04/22-09:40:24.841747 7fcc530cf9c0              Options.level0_stop_writes_trigger: 36
2018/04/22-09:40:24.841748 7fcc530cf9c0                   Options.target_file_size_base: 67108864
2018/04/22-09:40:24.841749 7fcc530cf9c0             Options.target_file_size_multiplier: 1
2018/04/22-09:40:24.841750 7fcc530cf9c0                Options.max_bytes_for_level_base: 268435456
2018/04/22-09:40:24.841751 7fcc530cf9c0 Options.level_compaction_dynamic_level_bytes: 0
2018/04/22-09:40:24.841752 7fcc530cf9c0          Options.max_bytes_for_level_multiplier: 10.000000
2018/04/22-09:40:24.841754 7fcc530cf9c0 Options.max_bytes_for_level_multiplier_addtl[0]: 1
2018/04/22-09:40:24.841755 7fcc530cf9c0 Options.max_bytes_for_level_multiplier_addtl[1]: 1
2018/04/22-09:40:24.841756 7fcc530cf9c0 Options.max_bytes_for_level_multiplier_addtl[2]: 1
2018/04/22-09:40:24.841757 7fcc530cf9c0 Options.max_bytes_for_level_multiplier_addtl[3]: 1
2018/04/22-09:40:24.841758 7fcc530cf9c0 Options.max_bytes_for_level_multiplier_addtl[4]: 1
2018/04/22-09:40:24.841759 7fcc530cf9c0 Options.max_bytes_for_level_multiplier_addtl[5]: 1
2018/04/22-09:40:24.841760 7fcc530cf9c0 Options.max_bytes_for_level_multiplier_addtl[6]: 1
2018/04/22-09:40:24.841761 7fcc530cf9c0       Options.max_sequential_skip_in_iterations: 8
2018/04/22-09:40:24.841761 7fcc530cf9c0                    Options.max_compaction_bytes: 1677721600
2018/04/22-09:40:24.841762 7fcc530cf9c0                        Options.arena_block_size: 8388608
2018/04/22-09:40:24.841763 7fcc530cf9c0   Options.soft_pending_compaction_bytes_limit: 68719476736
2018/04/22-09:40:24.841764 7fcc530cf9c0   Options.hard_pending_compaction_bytes_limit: 274877906944
2018/04/22-09:40:24.841765 7fcc530cf9c0       Options.rate_limit_delay_max_milliseconds: 100
2018/04/22-09:40:24.841766 7fcc530cf9c0                Options.disable_auto_compactions: 0
2018/04/22-09:40:24.841768 7fcc530cf9c0                        Options.compaction_style: kCompactionStyleLevel
2018/04/22-09:40:24.841769 7fcc530cf9c0                          Options.compaction_pri: kByCompensatedSize
2018/04/22-09:40:24.841770 7fcc530cf9c0 Options.compaction_options_universal.size_ratio: 1
2018/04/22-09:40:24.841771 7fcc530cf9c0 Options.compaction_options_universal.min_merge_width: 2
2018/04/22-09:40:24.841772 7fcc530cf9c0 Options.compaction_options_universal.max_merge_width: 4294967295
2018/04/22-09:40:24.841773 7fcc530cf9c0 Options.compaction_options_universal.max_size_amplification_percent: 200
2018/04/22-09:40:24.841774 7fcc530cf9c0 Options.compaction_options_universal.compression_size_percent: -1
2018/04/22-09:40:24.841775 7fcc530cf9c0 Options.compaction_options_universal.stop_style: kCompactionStopStyleTotalSize
2018/04/22-09:40:24.841791 7fcc530cf9c0 Options.compaction_options_fifo.max_table_files_size: 1073741824
2018/04/22-09:40:24.841793 7fcc530cf9c0 Options.compaction_options_fifo.allow_compaction: 0
2018/04/22-09:40:24.841794 7fcc530cf9c0 Options.compaction_options_fifo.ttl: 0
2018/04/22-09:40:24.841796 7fcc530cf9c0                   Options.table_properties_collectors: 
2018/04/22-09:40:24.841797 7fcc530cf9c0                   Options.inplace_update_support: 0
2018/04/22-09:40:24.841798 7fcc530cf9c0                 Options.inplace_update_num_locks: 10000
2018/04/22-09:40:24.841800 7fcc530cf9c0               Options.memtable_prefix_bloom_size_ratio: 0.000000
2018/04/22-09:40:24.841801 7fcc530cf9c0   Options.memtable_huge_page_size: 0
2018/04/22-09:40:24.841803 7fcc530cf9c0                           Options.bloom_locality: 0
2018/04/22-09:40:24.841804 7fcc530cf9c0                    Options.max_successive_merges: 0
2018/04/22-09:40:24.841805 7fcc530cf9c0                Options.optimize_filters_for_hits: 0
2018/04/22-09:40:24.841806 7fcc530cf9c0                Options.paranoid_file_checks: 0
2018/04/22-09:40:24.841807 7fcc530cf9c0                Options.force_consistency_checks: 0
2018/04/22-09:40:24.841809 7fcc530cf9c0                Options.report_bg_io_stats: 0
2018/04/22-09:40:24.842539 7fcc530cf9c0 [rocksdb/db/column_family.cc:415] --------------- Options for column family [core.configs_actual_from]:
2018/04/22-09:40:24.842547 7fcc530cf9c0               Options.comparator: leveldb.BytewiseComparator
2018/04/22-09:40:24.842549 7fcc530cf9c0           Options.merge_operator: None
2018/04/22-09:40:24.842550 7fcc530cf9c0        Options.compaction_filter: None
2018/04/22-09:40:24.842551 7fcc530cf9c0        Options.compaction_filter_factory: None
2018/04/22-09:40:24.842553 7fcc530cf9c0         Options.memtable_factory: SkipListFactory
2018/04/22-09:40:24.842554 7fcc530cf9c0            Options.table_factory: BlockBasedTable
2018/04/22-09:40:24.842574 7fcc530cf9c0            table_factory options:   flush_block_policy_factory: FlushBlockBySizePolicyFactory (0x7fcc518150f8)
  cache_index_and_filter_blocks: 0
  cache_index_and_filter_blocks_with_high_priority: 0
  pin_l0_filter_and_index_blocks_in_cache: 0
  index_type: 0
  hash_index_allow_collision: 1
  checksum: 1
  no_block_cache: 0
  block_cache: 0x7fcc51852e40
  block_cache_name: LRUCache
  block_cache_options:
    capacity : 8388608
    num_shard_bits : 4
    strict_capacity_limit : 0
    high_pri_pool_ratio: 0.000
  block_cache_compressed: (nil)
  persistent_cache: (nil)
  block_size: 4096
  block_size_deviation: 10
  block_restart_interval: 16
  index_block_restart_interval: 1
  filter_policy: nullptr
  whole_key_filtering: 1
  format_version: 2
2018/04/22-09:40:24.842580 7fcc530cf9c0        Options.write_buffer_size: 67108864
2018/04/22-09:40:24.842582 7fcc530cf9c0  Options.max_write_buffer_number: 2
2018/04/22-09:40:24.842584 7fcc530cf9c0          Options.compression: Snappy
2018/04/22-09:40:24.842585 7fcc530cf9c0                  Options.bottommost_compression: Disabled
2018/04/22-09:40:24.842587 7fcc530cf9c0       Options.prefix_extractor: nullptr
2018/04/22-09:40:24.842588 7fcc530cf9c0   Options.memtable_insert_with_hint_prefix_extractor: nullptr
2018/04/22-09:40:24.842589 7fcc530cf9c0             Options.num_levels: 7
2018/04/22-09:40:24.842591 7fcc530cf9c0        Options.min_write_buffer_number_to_merge: 1
2018/04/22-09:40:24.842592 7fcc530cf9c0     Options.max_write_buffer_number_to_maintain: 0
2018/04/22-09:40:24.842593 7fcc530cf9c0            Options.compression_opts.window_bits: -14
2018/04/22-09:40:24.842595 7fcc530cf9c0                  Options.compression_opts.level: -1
2018/04/22-09:40:24.842596 7fcc530cf9c0               Options.compression_opts.strategy: 0
2018/04/22-09:40:24.842597 7fcc530cf9c0         Options.compression_opts.max_dict_bytes: 0
2018/04/22-09:40:24.842598 7fcc530cf9c0      Options.level0_file_num_compaction_trigger: 4
2018/04/22-09:40:24.842600 7fcc530cf9c0          Options.level0_slowdown_writes_trigger: 20
2018/04/22-09:40:24.842617 7fcc530cf9c0              Options.level0_stop_writes_trigger: 36
2018/04/22-09:40:24.842619 7fcc530cf9c0                   Options.target_file_size_base: 67108864
2018/04/22-09:40:24.842621 7fcc530cf9c0             Options.target_file_size_multiplier: 1
2018/04/22-09:40:24.842622 7fcc530cf9c0                Options.max_bytes_for_level_base: 268435456
2018/04/22-09:40:24.842623 7fcc530cf9c0 Options.level_compaction_dynamic_level_bytes: 0
2018/04/22-09:40:24.842625 7fcc530cf9c0          Options.max_bytes_for_level_multiplier: 10.000000
2018/04/22-09:40:24.842628 7fcc530cf9c0 Options.max_bytes_for_level_multiplier_addtl[0]: 1
2018/04/22-09:40:24.842629 7fcc530cf9c0 Options.max_bytes_for_level_multiplier_addtl[1]: 1
2018/04/22-09:40:24.842630 7fcc530cf9c0 Options.max_bytes_for_level_multiplier_addtl[2]: 1
2018/04/22-09:40:24.842632 7fcc530cf9c0 Options.max_bytes_for_level_multiplier_addtl[3]: 1
2018/04/22-09:40:24.842634 7fcc530cf9c0 Options.max_bytes_for_level_multiplier_addtl[4]: 1
2018/04/22-09:40:24.842656 7fcc530cf9c0 Options.max_bytes_for_level_multiplier_addtl[5]: 1
2018/04/22-09:40:24.842658 7fcc530cf9c0 Options.max_bytes_for_level_multiplier_addtl[6]: 1
2018/04/22-09:40:24.842659 7fcc530cf9c0       Options.max_sequential_skip_in_iterations: 8
2018/04/22-09:40:24.842660 7fcc530cf9c0                    Options.max_compaction_bytes: 1677721600
2018/04/22-09:40:24.842662 7fcc530cf9c0                        Options.arena_block_size: 8388608
2018/04/22-09:40:24.842663 7fcc530cf9c0   Options.soft_pending_compaction_bytes_limit: 68719476736
2018/04/22-09:40:24.842664 7fcc530cf9c0   Options.hard_pending_compaction_bytes_limit: 274877906944
2018/04/22-09:40:24.842666 7fcc530cf9c0       Options.rate_limit_delay_max_milliseconds: 100
2018/04/22-09:40:24.842667 7fcc530cf9c0                Options.disable_auto_compactions: 0
2018/04/22-09:40:24.842669 7fcc530cf9c0                        Options.compaction_style: kCompactionStyleLevel
2018/04/22-09:40:24.842671 7fcc530cf9c0                          Options.compaction_pri: kByCompensatedSize
2018/04/22-09:40:24.842673 7fcc530cf9c0 Options.compaction_options_universal.size_ratio: 1
2018/04/22-09:40:24.842674 7fcc530cf9c0 Options.compaction_options_universal.min_merge_width: 2
2018/04/22-09:40:24.842675 7fcc530cf9c0 Options.compaction_options_universal.max_merge_width: 4294967295
2018/04/22-09:40:24.842677 7fcc530cf9c0 Options.compaction_options_universal.max_size_amplification_percent: 200
2018/04/22-09:40:24.842678 7fcc530cf9c0 Options.compaction_options_universal.compression_size_percent: -1
2018/04/22-09:40:24.842680 7fcc530cf9c0 Options.compaction_options_universal.stop_style: kCompactionStopStyleTotalSize
2018/04/22-09:40:24.842681 7fcc530cf9c0 Options.compaction_options_fifo.max_table_files_size: 1073741824
2018/04/22-09:40:24.842683 7fcc530cf9c0 Options.compaction_options_fifo.allow_compaction: 0
2018/04/22-09:40:24.842684 7fcc530cf9c0 Options.compaction_options_fifo.ttl: 0
2018/04/22-09:40:24.842685 7fcc530cf9c0                   Options.table_properties_collectors: 
2018/04/22-09:40:24.842687 7fcc530cf9c0                   Options.inplace_update_support: 0
2018/04/22-09:40:24.842688 7fcc530cf9c0                 Options.inplace_update_num_locks: 10000
2018/04/22-09:40:24.842689 7fcc530cf9c0               Options.memtable_prefix_bloom_size_ratio: 0.000000
2018/04/22-09:40:24.842691 7fcc530cf9c0   Options.memtable_huge_page_size: 0
2018/04/22-09:40:24.842693 7fcc530cf9c0                           Options.bloom_locality: 0
2018/04/22-09:40:24.842694 7fcc530cf9c0                    Options.max_successive_merges: 0
2018/04/22-09:40:24.842695 7fcc530cf9c0                Options.optimize_filters_for_hits: 0
2018/04/22-09:40:24.842696 7fcc530cf9c0                Options.paranoid_file_checks: 0
2018/04/22-09:40:24.842698 7fcc530cf9c0                Options.force_consistency_checks: 0
2018/04/22-09:40:24.842699 7fcc530cf9c0                Options.report_bg_io_stats: 0
2018/04/22-09:40:24.842748 7fcc530cf9c0 [rocksdb/db/column_family.cc:415] --------------- Options for column family [__INDEXES_METADATA__]:
2018/04/22-09:40:24.842762 7fcc530cf9c0               Options.comparator: leveldb.BytewiseComparator
2018/04/22-09:40:24.842764 7fcc530cf9c0           Options.merge_operator: None
2018/04/22-09:40:24.842765 7fcc530cf9c0        Options.compaction_filter: None
2018/04/22-09:40:24.842767 7fcc530cf9c0        Options.compaction_filter_factory: None
2018/04/22-09:40:24.842768 7fcc530cf9c0         Options.memtable_factory: SkipListFactory
2018/04/22-09:40:24.842769 7fcc530cf9c0            Options.table_factory: BlockBasedTable
2018/04/22-09:40:24.842785 7fcc530cf9c0            table_factory options:   flush_block_policy_factory: FlushBlockBySizePolicyFactory (0x7fcc518150e0)
  cache_index_and_filter_blocks: 0
  cache_index_and_filter_blocks_with_high_priority: 0
  pin_l0_filter_and_index_blocks_in_cache: 0
  index_type: 0
  hash_index_allow_collision: 1
  checksum: 1
  no_block_cache: 0
  block_cache: 0x7fcc51852eb0
  block_cache_name: LRUCache
  block_cache_options:
    capacity : 8388608
    num_shard_bits : 4
    strict_capacity_limit : 0
    high_pri_pool_ratio: 0.000
  block_cache_compressed: (nil)
  persistent_cache: (nil)
  block_size: 4096
  block_size_deviation: 10
  block_restart_interval: 16
  index_block_restart_interval: 1
  filter_policy: nullptr
  whole_key_filtering: 1
  format_version: 2
2018/04/22-09:40:24.842795 7fcc530cf9c0        Options.write_buffer_size: 67108864
2018/04/22-09:40:24.842797 7fcc530cf9c0  Options.max_write_buffer_number: 2
2018/04/22-09:40:24.842799 7fcc530cf9c0          Options.compression: Snappy
2018/04/22-09:40:24.842800 7fcc530cf9c0                  Options.bottommost_compression: Disabled
2018/04/22-09:40:24.842801 7fcc530cf9c0       Options.prefix_extractor: nullptr
2018/04/22-09:40:24.842803 7fcc530cf9c0   Options.memtable_insert_with_hint_prefix_extractor: nullptr
2018/04/22-09:40:24.842804 7fcc530cf9c0             Options.num_levels: 7
2018/04/22-09:40:24.842805 7fcc530cf9c0        Options.min_write_buffer_number_to_merge: 1
2018/04/22-09:40:24.842806 7fcc530cf9c0     Options.max_write_buffer_number_to_maintain: 0
2018/04/22-09:40:24.842808 7fcc530cf9c0            Options.compression_opts.window_bits: -14
2018/04/22-09:40:24.842809 7fcc530cf9c0                  Options.compression_opts.level: -1
2018/04/22-09:40:24.842810 7fcc530cf9c0               Options.compression_opts.strategy: 0
2018/04/22-09:40:24.842811 7fcc530cf9c0         Options.compression_opts.max_dict_bytes: 0
2018/04/22-09:40:24.842813 7fcc530cf9c0      Options.level0_file_num_compaction_trigger: 4
2018/04/22-09:40:24.842814 7fcc530cf9c0          Options.level0_slowdown_writes_trigger: 20
2018/04/22-09:40:24.842815 7fcc530cf9c0              Options.level0_stop_writes_trigger: 36
2018/04/22-09:40:24.842816 7fcc530cf9c0                   Options.target_file_size_base: 67108864
2018/04/22-09:40:24.842818 7fcc530cf9c0             Options.target_file_size_multiplier: 1
2018/04/22-09:40:24.842819 7fcc530cf9c0                Options.max_bytes_for_level_base: 268435456
2018/04/22-09:40:24.842820 7fcc530cf9c0 Options.level_compaction_dynamic_level_bytes: 0
2018/04/22-09:40:24.842821 7fcc530cf9c0          Options.max_bytes_for_level_multiplier: 10.000000
2018/04/22-09:40:24.842824 7fcc530cf9c0 Options.max_bytes_for_level_multiplier_addtl[0]: 1
2018/04/22-09:40:24.842825 7fcc530cf9c0 Options.max_bytes_for_level_multiplier_addtl[1]: 1
2018/04/22-09:40:24.842826 7fcc530cf9c0 Options.max_bytes_for_level_multiplier_addtl[2]: 1
2018/04/22-09:40:24.842827 7fcc530cf9c0 Options.max_bytes_for_level_multiplier_addtl[3]: 1
2018/04/22-09:40:24.842829 7fcc530cf9c0 Options.max_bytes_for_level_multiplier_addtl[4]: 1
2018/04/22-09:40:24.842830 7fcc530cf9c0 Options.max_bytes_for_level_multiplier_addtl[5]: 1
2018/04/22-09:40:24.842831 7fcc530cf9c0 Options.max_bytes_for_level_multiplier_addtl[6]: 1
2018/04/22-09:40:24.842832 7fcc530cf9c0       Options.max_sequential_skip_in_iterations: 8
2018/04/22-09:40:24.842834 7fcc530cf9c0                    Options.max_compaction_bytes: 1677721600
2018/04/22-09:40:24.842842 7fcc530cf9c0                        Options.arena_block_size: 8388608
2018/04/22-09:40:24.842844 7fcc530cf9c0   Options.soft_pending_compaction_bytes_limit: 68719476736
2018/04/22-09:40:24.842845 7fcc530cf9c0   Options.hard_pending_compaction_bytes_limit: 274877906944
2018/04/22-09:40:24.842846 7fcc530cf9c0       Options.rate_limit_delay_max_milliseconds: 100
2018/04/22-09:40:24.842848 7fcc530cf9c0                Options.disable_auto_compactions: 0
2018/04/22-09:40:24.842849 7fcc530cf9c0                        Options.compaction_style: kCompactionStyleLevel
2018/04/22-09:40:24.842851 7fcc530cf9c0                          Options.compaction_pri: kByCompensatedSize
2018/04/22-09:40:24.842852 7fcc530cf9c0 Options.compaction_options_universal.size_ratio: 1
2018/04/22-09:40:24.842853 7fcc530cf9c0 Options.compaction_options_universal.min_merge_width: 2
2018/04/22-09:40:24.842855 7fcc530cf9c0 Options.compaction_options_universal.max_merge_width: 4294967295
2018/04/22-09:40:24.842856 7fcc530cf9c0 Options.compaction_options_universal.max_size_amplification_percent: 200
2018/04/22-09:40:24.842857 7fcc530cf9c0 Options.compaction_options_universal.compression_size_percent: -1
2018/04/22-09:40:24.842859 7fcc530cf9c0 Options.compaction_options_universal.stop_style: kCompactionStopStyleTotalSize
2018/04/22-09:40:24.842860 7fcc530cf9c0 Options.compaction_options_fifo.max_table_files_size: 1073741824
2018/04/22-09:40:24.842861 7fcc530cf9c0 Options.compaction_options_fifo.allow_compaction: 0
2018/04/22-09:40:24.842863 7fcc530cf9c0 Options.compaction_options_fifo.ttl: 0
2018/04/22-09:40:24.842864 7fcc530cf9c0                   Options.table_properties_collectors: 
2018/04/22-09:40:24.842865 7fcc530cf9c0                   Options.inplace_update_support: 0
2018/04/22-09:40:24.842866 7fcc530cf9c0                 Options.inplace_update_num_locks: 10000
2018/04/22-09:40:24.842868 7fcc530cf9c0               Options.memtable_prefix_bloom_size_ratio: 0.000000
2018/04/22-09:40:24.842869 7fcc530cf9c0   Options.memtable_huge_page_size: 0
2018/04/22-09:40:24.842871 7fcc530cf9c0                           Options.bloom_locality: 0
2018/04/22-09:40:24.842872 7fcc530cf9c0                    Options.max_successive_merges: 0
2018/04/22-09:40:24.842873 7fcc530cf9c0                Options.optimize_filters_for_hits: 0
2018/04/22-09:40:24.842874 7fcc530cf9c0                Options.paranoid_file_checks: 0
2018/04/22-09:40:24.842875 7fcc530cf9c0                Options.force_consistency_checks: 0
2018/04/22-09:40:24.842877 7fcc530cf9c0                Options.report_bg_io_stats: 0
2018/04/22-09:40:24.842915 7fcc530cf9c0 [rocksdb/db/column_family.cc:415] --------------- Options for column family [core.configs]:
2018/04/22-09:40:24.842917 7fcc530cf9c0               Options.comparator: leveldb.BytewiseComparator
2018/04/22-09:40:24.842919 7fcc530cf9c0           Options.merge_operator: None
2018/04/22-09:40:24.842920 7fcc530cf9c0        Options.compaction_filter: None
2018/04/22-09:40:24.842921 7fcc530cf9c0        Options.compaction_filter_factory: None
2018/04/22-09:40:24.842922 7fcc530cf9c0         Options.memtable_factory: SkipListFactory
2018/04/22-09:40:24.842924 7fcc530cf9c0            Options.table_factory: BlockBasedTable
2018/04/22-09:40:24.842937 7fcc530cf9c0            table_factory options:   flush_block_policy_factory: FlushBlockBySizePolicyFactory (0x7fcc518150e8)
  cache_index_and_filter_blocks: 0
  cache_index_and_filter_blocks_with_high_priority: 0
  pin_l0_filter_and_index_blocks_in_cache: 0
  index_type: 0
  hash_index_allow_collision: 1
  checksum: 1
  no_block_cache: 0
  block_cache: 0x7fcc51852f20
  block_cache_name: LRUCache
  block_cache_options:
    capacity : 8388608
    num_shard_bits : 4
    strict_capacity_limit : 0
    high_pri_pool_ratio: 0.000
  block_cache_compressed: (nil)
  persistent_cache: (nil)
  block_size: 4096
  block_size_deviation: 10
  block_restart_interval: 16
  index_block_restart_interval: 1
  filter_policy: nullptr
  whole_key_filtering: 1
  format_version: 2
2018/04/22-09:40:24.842945 7fcc530cf9c0        Options.write_buffer_size: 67108864
2018/04/22-09:40:24.842955 7fcc530cf9c0  Options.max_write_buffer_number: 2
2018/04/22-09:40:24.842957 7fcc530cf9c0          Options.compression: Snappy
2018/04/22-09:40:24.842958 7fcc530cf9c0                  Options.bottommost_compression: Disabled
2018/04/22-09:40:24.842959 7fcc530cf9c0       Options.prefix_extractor: nullptr
2018/04/22-09:40:24.842961 7fcc530cf9c0   Options.memtable_insert_with_hint_prefix_extractor: nullptr
2018/04/22-09:40:24.842962 7fcc530cf9c0             Options.num_levels: 7
2018/04/22-09:40:24.842963 7fcc530cf9c0        Options.min_write_buffer_number_to_merge: 1
2018/04/22-09:40:24.842965 7fcc530cf9c0     Options.max_write_buffer_number_to_maintain: 0
2018/04/22-09:40:24.842966 7fcc530cf9c0            Options.compression_opts.window_bits: -14
2018/04/22-09:40:24.842967 7fcc530cf9c0                  Options.compression_opts.level: -1
2018/04/22-09:40:24.842968 7fcc530cf9c0               Options.compression_opts.strategy: 0
2018/04/22-09:40:24.842969 7fcc530cf9c0         Options.compression_opts.max_dict_bytes: 0
2018/04/22-09:40:24.842971 7fcc530cf9c0      Options.level0_file_num_compaction_trigger: 4
2018/04/22-09:40:24.842972 7fcc530cf9c0          Options.level0_slowdown_writes_trigger: 20
2018/04/22-09:40:24.842973 7fcc530cf9c0              Options.level0_stop_writes_trigger: 36
2018/04/22-09:40:24.842974 7fcc530cf9c0                   Options.target_file_size_base: 67108864
2018/04/22-09:40:24.842975 7fcc530cf9c0             Options.target_file_size_multiplier: 1
2018/04/22-09:40:24.842977 7fcc530cf9c0                Options.max_bytes_for_level_base: 268435456
2018/04/22-09:40:24.842978 7fcc530cf9c0 Options.level_compaction_dynamic_level_bytes: 0
2018/04/22-09:40:24.842979 7fcc530cf9c0          Options.max_bytes_for_level_multiplier: 10.000000
2018/04/22-09:40:24.842981 7fcc530cf9c0 Options.max_bytes_for_level_multiplier_addtl[0]: 1
2018/04/22-09:40:24.842983 7fcc530cf9c0 Options.max_bytes_for_level_multiplier_addtl[1]: 1
2018/04/22-09:40:24.842984 7fcc530cf9c0 Options.max_bytes_for_level_multiplier_addtl[2]: 1
2018/04/22-09:40:24.842985 7fcc530cf9c0 Options.max_bytes_for_level_multiplier_addtl[3]: 1
2018/04/22-09:40:24.842986 7fcc530cf9c0 Options.max_bytes_for_level_multiplier_addtl[4]: 1
2018/04/22-09:40:24.842988 7fcc530cf9c0 Options.max_bytes_for_level_multiplier_addtl[5]: 1
2018/04/22-09:40:24.842989 7fcc530cf9c0 Options.max_bytes_for_level_multiplier_addtl[6]: 1
2018/04/22-09:40:24.842990 7fcc530cf9c0       Options.max_sequential_skip_in_iterations: 8
2018/04/22-09:40:24.842991 7fcc530cf9c0                    Options.max_compaction_bytes: 1677721600
2018/04/22-09:40:24.842993 7fcc530cf9c0                        Options.arena_block_size: 8388608
2018/04/22-09:40:24.842994 7fcc530cf9c0   Options.soft_pending_compaction_bytes_limit: 68719476736
2018/04/22-09:40:24.842995 7fcc530cf9c0   Options.hard_pending_compaction_bytes_limit: 274877906944
2018/04/22-09:40:24.842996 7fcc530cf9c0       Options.rate_limit_delay_max_milliseconds: 100
2018/04/22-09:40:24.842998 7fcc530cf9c0                Options.disable_auto_compactions: 0
2018/04/22-09:40:24.842999 7fcc530cf9c0                        Options.compaction_style: kCompactionStyleLevel
2018/04/22-09:40:24.843001 7fcc530cf9c0                          Options.compaction_pri: kByCompensatedSize
2018/04/22-09:40:24.843002 7fcc530cf9c0 Options.compaction_options_universal.size_ratio: 1
2018/04/22-09:40:24.843003 7fcc530cf9c0 Options.compaction_options_universal.min_merge_width: 2
2018/04/22-09:40:24.843005 7fcc530cf9c0 Options.compaction_options_universal.max_merge_width: 4294967295
2018/04/22-09:40:24.843006 7fcc530cf9c0 Options.compaction_options_universal.max_size_amplification_percent: 200
2018/04/22-09:40:24.843007 7fcc530cf9c0 Options.compaction_options_universal.compression_size_percent: -1
2018/04/22-09:40:24.843009 7fcc530cf9c0 Options.compaction_options_universal.stop_style: kCompactionStopStyleTotalSize
2018/04/22-09:40:24.843010 7fcc530cf9c0 Options.compaction_options_fifo.max_table_files_size: 1073741824
2018/04/22-09:40:24.843017 7fcc530cf9c0 Options.compaction_options_fifo.allow_compaction: 0
2018/04/22-09:40:24.843019 7fcc530cf9c0 Options.compaction_options_fifo.ttl: 0
2018/04/22-09:40:24.843020 7fcc530cf9c0                   Options.table_properties_collectors: 
2018/04/22-09:40:24.843021 7fcc530cf9c0                   Options.inplace_update_support: 0
2018/04/22-09:40:24.843022 7fcc530cf9c0                 Options.inplace_update_num_locks: 10000
2018/04/22-09:40:24.843024 7fcc530cf9c0               Options.memtable_prefix_bloom_size_ratio: 0.000000
2018/04/22-09:40:24.843025 7fcc530cf9c0   Options.memtable_huge_page_size: 0
2018/04/22-09:40:24.843027 7fcc530cf9c0                           Options.bloom_locality: 0
2018/04/22-09:40:24.843028 7fcc530cf9c0                    Options.max_successive_merges: 0
2018/04/22-09:40:24.843029 7fcc530cf9c0                Options.optimize_filters_for_hits: 0
2018/04/22-09:40:24.843030 7fcc530cf9c0                Options.paranoid_file_checks: 0
2018/04/22-09:40:24.843031 7fcc530cf9c0                Options.force_consistency_checks: 0
2018/04/22-09:40:24.843033 7fcc530cf9c0                Options.report_bg_io_stats: 0
2018/04/22-09:40:24.843071 7fcc530cf9c0 [rocksdb/db/column_family.cc:415] --------------- Options for column family [core.block_hashes_by_height]:
2018/04/22-09:40:24.843074 7fcc530cf9c0               Options.comparator: leveldb.BytewiseComparator
2018/04/22-09:40:24.843075 7fcc530cf9c0           Options.merge_operator: None
2018/04/22-09:40:24.843076 7fcc530cf9c0        Options.compaction_filter: None
2018/04/22-09:40:24.843078 7fcc530cf9c0        Options.compaction_filter_factory: None
2018/04/22-09:40:24.843079 7fcc530cf9c0         Options.memtable_factory: SkipListFactory
2018/04/22-09:40:24.843080 7fcc530cf9c0            Options.table_factory: BlockBasedTable
2018/04/22-09:40:24.843093 7fcc530cf9c0            table_factory options:   flush_block_policy_factory: FlushBlockBySizePolicyFactory (0x7fcc51815100)
  cache_index_and_filter_blocks: 0
  cache_index_and_filter_blocks_with_high_priority: 0
  pin_l0_filter_and_index_blocks_in_cache: 0
  index_type: 0
  hash_index_allow_collision: 1
  checksum: 1
  no_block_cache: 0
  block_cache: 0x7fcc51852f90
  block_cache_name: LRUCache
  block_cache_options:
    capacity : 8388608
    num_shard_bits : 4
    strict_capacity_limit : 0
    high_pri_pool_ratio: 0.000
  block_cache_compressed: (nil)
  persistent_cache: (nil)
  block_size: 4096
  block_size_deviation: 10
  block_restart_interval: 16
  index_block_restart_interval: 1
  filter_policy: nullptr
  whole_key_filtering: 1
  format_version: 2
2018/04/22-09:40:24.843095 7fcc530cf9c0        Options.write_buffer_size: 67108864
2018/04/22-09:40:24.843097 7fcc530cf9c0  Options.max_write_buffer_number: 2
2018/04/22-09:40:24.843098 7fcc530cf9c0          Options.compression: Snappy
2018/04/22-09:40:24.843099 7fcc530cf9c0                  Options.bottommost_compression: Disabled
2018/04/22-09:40:24.843100 7fcc530cf9c0       Options.prefix_extractor: nullptr
2018/04/22-09:40:24.843102 7fcc530cf9c0   Options.memtable_insert_with_hint_prefix_extractor: nullptr
2018/04/22-09:40:24.843103 7fcc530cf9c0             Options.num_levels: 7
2018/04/22-09:40:24.843104 7fcc530cf9c0        Options.min_write_buffer_number_to_merge: 1
2018/04/22-09:40:24.843105 7fcc530cf9c0     Options.max_write_buffer_number_to_maintain: 0
2018/04/22-09:40:24.843107 7fcc530cf9c0            Options.compression_opts.window_bits: -14
2018/04/22-09:40:24.843108 7fcc530cf9c0                  Options.compression_opts.level: -1
2018/04/22-09:40:24.843109 7fcc530cf9c0               Options.compression_opts.strategy: 0
2018/04/22-09:40:24.843110 7fcc530cf9c0         Options.compression_opts.max_dict_bytes: 0
2018/04/22-09:40:24.843112 7fcc530cf9c0      Options.level0_file_num_compaction_trigger: 4
2018/04/22-09:40:24.843113 7fcc530cf9c0          Options.level0_slowdown_writes_trigger: 20
2018/04/22-09:40:24.843114 7fcc530cf9c0              Options.level0_stop_writes_trigger: 36
2018/04/22-09:40:24.843115 7fcc530cf9c0                   Options.target_file_size_base: 67108864
2018/04/22-09:40:24.843124 7fcc530cf9c0             Options.target_file_size_multiplier: 1
2018/04/22-09:40:24.843126 7fcc530cf9c0                Options.max_bytes_for_level_base: 268435456
2018/04/22-09:40:24.843127 7fcc530cf9c0 Options.level_compaction_dynamic_level_bytes: 0
2018/04/22-09:40:24.843129 7fcc530cf9c0          Options.max_bytes_for_level_multiplier: 10.000000
2018/04/22-09:40:24.843131 7fcc530cf9c0 Options.max_bytes_for_level_multiplier_addtl[0]: 1
2018/04/22-09:40:24.843132 7fcc530cf9c0 Options.max_bytes_for_level_multiplier_addtl[1]: 1
2018/04/22-09:40:24.843133 7fcc530cf9c0 Options.max_bytes_for_level_multiplier_addtl[2]: 1
2018/04/22-09:40:24.843134 7fcc530cf9c0 Options.max_bytes_for_level_multiplier_addtl[3]: 1
2018/04/22-09:40:24.843136 7fcc530cf9c0 Options.max_bytes_for_level_multiplier_addtl[4]: 1
2018/04/22-09:40:24.843137 7fcc530cf9c0 Options.max_bytes_for_level_multiplier_addtl[5]: 1
2018/04/22-09:40:24.843138 7fcc530cf9c0 Options.max_bytes_for_level_multiplier_addtl[6]: 1
2018/04/22-09:40:24.843139 7fcc530cf9c0       Options.max_sequential_skip_in_iterations: 8
2018/04/22-09:40:24.843141 7fcc530cf9c0                    Options.max_compaction_bytes: 1677721600
2018/04/22-09:40:24.843142 7fcc530cf9c0                        Options.arena_block_size: 8388608
2018/04/22-09:40:24.843143 7fcc530cf9c0   Options.soft_pending_compaction_bytes_limit: 68719476736
2018/04/22-09:40:24.843144 7fcc530cf9c0   Options.hard_pending_compaction_bytes_limit: 274877906944
2018/04/22-09:40:24.843146 7fcc530cf9c0       Options.rate_limit_delay_max_milliseconds: 100
2018/04/22-09:40:24.843147 7fcc530cf9c0                Options.disable_auto_compactions: 0
2018/04/22-09:40:24.843149 7fcc530cf9c0                        Options.compaction_style: kCompactionStyleLevel
2018/04/22-09:40:24.843150 7fcc530cf9c0                          Options.compaction_pri: kByCompensatedSize
2018/04/22-09:40:24.843151 7fcc530cf9c0 Options.compaction_options_universal.size_ratio: 1
2018/04/22-09:40:24.843153 7fcc530cf9c0 Options.compaction_options_universal.min_merge_width: 2
2018/04/22-09:40:24.843154 7fcc530cf9c0 Options.compaction_options_universal.max_merge_width: 4294967295
2018/04/22-09:40:24.843155 7fcc530cf9c0 Options.compaction_options_universal.max_size_amplification_percent: 200
2018/04/22-09:40:24.843156 7fcc530cf9c0 Options.compaction_options_universal.compression_size_percent: -1
2018/04/22-09:40:24.843158 7fcc530cf9c0 Options.compaction_options_universal.stop_style: kCompactionStopStyleTotalSize
2018/04/22-09:40:24.843159 7fcc530cf9c0 Options.compaction_options_fifo.max_table_files_size: 1073741824
2018/04/22-09:40:24.843160 7fcc530cf9c0 Options.compaction_options_fifo.allow_compaction: 0
2018/04/22-09:40:24.843162 7fcc530cf9c0 Options.compaction_options_fifo.ttl: 0
2018/04/22-09:40:24.843163 7fcc530cf9c0                   Options.table_properties_collectors: 
